BEGIN PROFILING DUMP
Sorted by Exclusive Time
Name                               Calls Incl T(ms) Excl T(ms) Excl/calls
SOCIAL-VUL                       1029600  11630.161  11630.161      0.011
SOCIAL-VUL-MOD                   1029600  11215.051  11215.051      0.011
FEED-VUL-MOD                     1029600   9404.143   9404.143      0.009
FEED-VUL                         1029600   8896.419   8896.419      0.009
CHECK                            1148371   4026.719   4026.719      0.004
GO                                 39600  50587.334   3320.651      0.084
FORAGE-VUL                       2059239   1179.223   1179.223      0.001
RTB-VUL                          1029600    281.351    281.351      0.000
RTB-SUB                           514800    219.450    219.450      0.000
RTB-JUVENILE                      514800    209.346    209.346      0.000
TERRITORY-VUL                    1029600    205.108    204.820      0.000

Sorted by Inclusive Time
GO                                 39600  50587.334   3320.651      0.084
SOCIAL-VUL                       1029600  11630.161  11630.161      0.011
SOCIAL-VUL-MOD                   1029600  11215.051  11215.051      0.011
FEED-VUL-MOD                     1029600   9404.143   9404.143      0.009
FEED-VUL                         1029600   8896.419   8896.419      0.009
CHECK                            1148371   4026.719   4026.719      0.004
FORAGE-VUL                       2059239   1179.223   1179.223      0.001
RTB-VUL                          1029600    281.351    281.351      0.000
RTB-SUB                           514800    219.450    219.450      0.000
RTB-JUVENILE                      514800    209.346    209.346      0.000
TERRITORY-VUL                    1029600    205.108    204.820      0.000

Sorted by Number of Calls
FORAGE-VUL                       2059239   1179.223   1179.223      0.001
CHECK                            1148371   4026.719   4026.719      0.004
SOCIAL-VUL                       1029600  11630.161  11630.161      0.011
SOCIAL-VUL-MOD                   1029600  11215.051  11215.051      0.011
FEED-VUL-MOD                     1029600   9404.143   9404.143      0.009
FEED-VUL                         1029600   8896.419   8896.419      0.009
RTB-VUL                          1029600    281.351    281.351      0.000
TERRITORY-VUL                    1029600    205.108    204.820      0.000
RTB-SUB                           514800    219.450    219.450      0.000
RTB-JUVENILE                      514800    209.346    209.346      0.000
GO                                 39600  50587.334   3320.651      0.084
END PROFILING DUMP

